40,35
10,285
10,233
10,95
10,93
10,281
10,187
10,29
10,239
10,2
10,3
11,11
11,22
11,24
9,5
9,1
9,7
9,2
9,3
8,14
8,7
8,15
8,17
0,318
35,7
35,6
35,5
35,4
35,3
35,2
35,1
35,0
34,5
34,4
34,3
34,2
34,1
34,0
33,31
33,30
33,29
33,28
33,27
33,26
33,25
33,24
33,23
33,22
33,21
33,20
33,19
33,18
33,17
33,16
33,15
33,14
33,13
33,12
33,11
33,10
33,9
33,8
33,7
33,6
33,5
33,3
33,1
32,3
32,1
31,6
31,3
31,1
30,4
30,3
30,1
29,4
29,3
29,1
28,5
28,3
28,1
27,4
27,3
27,1
26,4
26,3
26,1
25,4
25,3
25,1
24,5
24,3
24,1
20,3
20,2
18,1
20,1
19,3
18,3
19,2
19,1
14,1
14,4
14,5
12,3
14,3
12,2
13,1
12,1
11,30
11,25
11,23
11,21
11,19
11,15
